o : 0.06476190476190476 
r : 0.06857142857142857 
e : 0.11428571428571428 
m : 0.0419047619047619 
i : 0.09333333333333334 
p : 0.022857142857142857 
s : 0.08 
u : 0.08 
d : 0.02666666666666667 
l : 0.0838095238095238 
t : 0.09904761904761905 
a : 0.07809523809523809 
n : 0.049523809523809526 
c : 0.030476190476190476 
g : 0.017142857142857144 
b : 0.007619047619047619 
v : 0.02857142857142857 
j : 0.0019047619047619048 
q : 0.007619047619047619 
f : 0.0038095238095238095 
